3.364157485961914062e+01
3.364197921752929688e+01
3.364186096191406250e+01
3.364174270629882812e+01
3.364214324951171875e+01
3.363994598388671875e+01
3.364034652709960938e+01
3.364022445678710938e+01
3.364011001586914062e+01
3.364051437377929688e+01
3.363831710815429688e+01
3.363871765136718750e+01
3.363859939575195312e+01
3.363847732543945312e+01
3.363888168334960938e+01
3.363668441772460938e+01
3.363708496093750000e+01
3.363696670532226562e+01
3.363684463500976562e+01
3.363725280761718750e+01
3.363505554199218750e+01
3.363545608520507812e+01
3.363533782958984375e+01
3.363521575927734375e+01
3.363562011718750000e+01
