3.354293060302734375e+01
3.354603195190429688e+01
3.354524612426757812e+01
3.354445648193359375e+01
3.354755401611328125e+01
3.354288482666015625e+01
3.354598236083984375e+01
3.354519271850585938e+01
3.354441070556640625e+01
3.354750823974609375e+01
3.354194259643554688e+01
3.354504394531250000e+01
3.354425811767578125e+01
3.354346466064453125e+01
3.354656600952148438e+01
3.354189300537109375e+01
3.354499053955078125e+01
3.354420471191406250e+01
3.354341888427734375e+01
3.354652023315429688e+01
3.354095458984375000e+01
3.354405212402343750e+01
3.354326629638671875e+01
3.354248046875000000e+01
3.354557418823242188e+01
3.354090499877929688e+01
3.354399871826171875e+01
3.354321670532226562e+01
3.354243087768554688e+01
3.354552459716796875e+01
3.353996276855468750e+01
3.354306411743164062e+01
3.354227447509765625e+01
3.354148864746093750e+01
3.354458618164062500e+01
3.353990936279296875e+01
3.354301071166992188e+01
3.354222869873046875e+01
3.354143524169921875e+01
3.354453659057617188e+01
3.353897476196289062e+01
3.354207229614257812e+01
3.354128265380859375e+01
3.354050064086914062e+01
3.354359817504882812e+01
3.353892135620117188e+01
3.354202651977539062e+01
3.354123687744140625e+01
3.354044723510742188e+01
3.354354858398437500e+01
3.353798294067382812e+01
3.354108428955078125e+01
3.354029464721679688e+01
3.353950881958007812e+01
3.354261016845703125e+01
3.353793716430664062e+01
3.354103469848632812e+01
3.354024505615234375e+01
3.353945922851562500e+01
3.354256057739257812e+01
3.353699493408203125e+01
3.354009246826171875e+01
3.353930664062500000e+01
3.353852081298828125e+01
3.354161834716796875e+01
3.353694534301757812e+01
3.354004669189453125e+01
3.353925704956054688e+01
3.353847122192382812e+01
3.354157257080078125e+01
3.353600311279296875e+01
3.353910446166992188e+01
3.353831863403320312e+01
3.353752899169921875e+01
3.354063034057617188e+01
3.353595733642578125e+01
3.353905487060546875e+01
3.353826904296875000e+01
3.353748321533203125e+01
3.354058074951171875e+01
3.353501510620117188e+01
3.353811645507812500e+01
3.353733062744140625e+01
3.353654098510742188e+01
3.353964233398437500e+01
3.353496551513671875e+01
3.353806686401367188e+01
3.353728103637695312e+01
3.353649139404296875e+01
3.353958892822265625e+01
3.353402709960937500e+01
3.353712844848632812e+01
3.353633880615234375e+01
3.353555297851562500e+01
3.353865051269531250e+01
3.353397750854492188e+01
3.353707885742187500e+01
3.353629302978515625e+01
3.353550338745117188e+01
3.353860092163085938e+01
