3.259748077392578125e+01
3.259721374511718750e+01
3.259723663330078125e+01
3.259725952148437500e+01
3.259699249267578125e+01
3.259428024291992188e+01
3.259400939941406250e+01
3.259403228759765625e+01
3.259405517578125000e+01
3.259378814697265625e+01
3.259107971191406250e+01
3.259081268310546875e+01
3.259083175659179688e+01
3.259085464477539062e+01
3.259058761596679688e+01
3.258787918090820312e+01
3.258761215209960938e+01
3.258763122558593750e+01
3.258765792846679688e+01
3.258738708496093750e+01
3.258467864990234375e+01
3.258441162109375000e+01
3.258443069458007812e+01
3.258445739746093750e+01
3.258418655395507812e+01
