3.364175796508789062e+01
3.364221572875976562e+01
3.364268112182617188e+01
3.364209365844726562e+01
3.364203262329101562e+01
3.364249420166015625e+01
3.364243698120117188e+01
3.364185714721679688e+01
3.364231872558593750e+01
3.364278411865234375e+01
3.364093399047851562e+01
3.364139938354492188e+01
3.364186096191406250e+01
3.364128494262695312e+01
3.364122390747070312e+01
3.364168548583984375e+01
3.364162063598632812e+01
3.364103698730468750e+01
3.364150238037109375e+01
3.364196777343750000e+01
3.364011764526367188e+01
3.364057922363281250e+01
3.364104843139648438e+01
3.364046478271484375e+01
3.364040374755859375e+01
3.364086914062500000e+01
3.364080810546875000e+01
3.364022827148437500e+01
3.364069366455078125e+01
3.364115142822265625e+01
3.363930892944335938e+01
3.363977050781250000e+01
3.364023208618164062e+01
3.363964843750000000e+01
3.363958358764648438e+01
3.364005279541015625e+01
3.363999176025390625e+01
3.363941192626953125e+01
3.363987350463867188e+01
3.364033508300781250e+01
3.363849258422851562e+01
3.363895416259765625e+01
3.363941574096679688e+01
3.363883590698242188e+01
3.363877487182617188e+01
3.363923263549804688e+01
3.363917541503906250e+01
3.363859176635742188e+01
3.363905715942382812e+01
3.363951873779296875e+01
3.363767623901367188e+01
3.363813781738281250e+01
3.363859939575195312e+01
3.363802337646484375e+01
3.363796234130859375e+01
3.363842010498046875e+01
3.363836288452148438e+01
3.363778305053710938e+01
3.363824844360351562e+01
3.363870239257812500e+01
3.363686370849609375e+01
3.363732528686523438e+01
3.363777923583984375e+01
3.363719940185546875e+01
3.363714218139648438e+01
3.363760757446289062e+01
3.363754653930664062e+01
3.363696670532226562e+01
3.363742446899414062e+01
3.363789367675781250e+01
3.363604354858398438e+01
3.363650894165039062e+01
3.363697052001953125e+01
3.363639068603515625e+01
3.363633346557617188e+01
3.363678741455078125e+01
3.363672637939453125e+01
3.363614654541015625e+01
3.363661575317382812e+01
3.363706970214843750e+01
3.363522720336914062e+01
3.363569259643554688e+01
3.363615417480468750e+01
3.363557434082031250e+01
3.363551330566406250e+01
3.363597869873046875e+01
3.363592147827148438e+01
3.363533782958984375e+01
3.363579559326171875e+01
3.363625717163085938e+01
3.363441848754882812e+01
3.363488388061523438e+01
3.363533401489257812e+01
3.363475799560546875e+01
3.363469696044921875e+01
3.363516235351562500e+01
3.363510131835937500e+01
3.363452148437500000e+01
3.363498306274414062e+01
3.363544845581054688e+01
