3.261664962768554688e+01
3.261639022827148438e+01
3.261641693115234375e+01
3.261644363403320312e+01
3.261618423461914062e+01
3.261344528198242188e+01
3.261317825317382812e+01
3.261321258544921875e+01
3.261323928833007812e+01
3.261297988891601562e+01
3.261023712158203125e+01
3.260997772216796875e+01
3.261000823974609375e+01
3.261003875732421875e+01
3.260977554321289062e+01
3.260703659057617188e+01
3.260677337646484375e+01
3.260680007934570312e+01
3.260683441162109375e+01
3.260657119750976562e+01
3.260383224487304688e+01
3.260356903076171875e+01
3.260359573364257812e+01
3.260362625122070312e+01
3.260336685180664062e+01
