3.158506584167480469e+01
3.159023857116699219e+01
3.159541511535644531e+01
3.160058975219726562e+01
3.160576820373535156e+01
3.161094665527343750e+01
3.161612319946289062e+01
3.162130355834960938e+01
3.162648391723632812e+01
3.163166618347167969e+01
3.158336639404296875e+01
3.158853912353515625e+01
3.159371566772460938e+01
3.159889030456542969e+01
3.160406684875488281e+01
3.160924530029296875e+01
3.161442184448242188e+01
3.161960029602050781e+01
3.162478256225585938e+01
3.162996101379394531e+01
3.158166885375976562e+01
3.158683967590332031e+01
3.159201431274414062e+01
3.159718894958496094e+01
3.160236549377441406e+01
3.160754203796386719e+01
3.161271858215332031e+01
3.161789894104003906e+01
3.162307739257812500e+01
3.162825965881347656e+01
3.157996749877929688e+01
3.158513832092285156e+01
3.159031486511230469e+01
3.159548950195312500e+01
3.160066413879394531e+01
3.160584068298339844e+01
3.161101913452148438e+01
3.161619758605957031e+01
3.162137794494628906e+01
3.162655639648437500e+01
3.157826805114746094e+01
3.158343887329101562e+01
3.158861541748046875e+01
3.159378814697265625e+01
3.159896469116210938e+01
3.160414123535156250e+01
3.160931587219238281e+01
3.161449432373046875e+01
3.161967468261718750e+01
3.162485313415527344e+01
3.157656669616699219e+01
3.158174324035644531e+01
3.158691406250000000e+01
3.159208679199218750e+01
3.159726333618164062e+01
3.160243988037109375e+01
3.160761451721191406e+01
3.161279487609863281e+01
3.161797332763671875e+01
3.162315368652343750e+01
3.157486915588378906e+01
3.158004188537597656e+01
3.158521652221679688e+01
3.159038925170898438e+01
3.159556198120117188e+01
3.160073852539062500e+01
3.160591316223144531e+01
3.161109352111816406e+01
3.161627197265625000e+01
3.162145042419433594e+01
3.157316970825195312e+01
3.157834243774414062e+01
3.158351516723632812e+01
3.158868789672851562e+01
3.159386253356933594e+01
3.159903717041015625e+01
3.160421371459960938e+01
3.160938835144042969e+01
3.161456871032714844e+01
3.161974906921386719e+01
3.157147216796875000e+01
3.157664299011230469e+01
3.158181571960449219e+01
3.158698844909667969e+01
3.159216117858886719e+01
3.159733772277832031e+01
3.160251235961914062e+01
3.160768890380859375e+01
3.161286926269531250e+01
3.161804199218750000e+01
3.156977462768554688e+01
3.157494544982910156e+01
3.158011627197265625e+01
3.158529090881347656e+01
3.159046173095703125e+01
3.159563827514648438e+01
3.160081100463867188e+01
3.160598754882812500e+01
3.161116790771484375e+01
3.161634063720703125e+01
