-1.877468554048451566e+01
-1.897578447281518876e+01
-1.903567181699463262e+01
-1.868322688282220057e+01
-1.864502315601318472e+01
-1.882940029322217512e+01
-1.873105358925294439e+01
-1.887129904480204701e+01
-1.878313992849127700e+01
-1.882747877996174424e+01
-1.928696329263689080e+01
-1.943918531381418546e+01
-1.942949310530281792e+01
-1.898261514406840078e+01
-1.894926886027539226e+01
-1.961817813385951226e+01
-1.962328368552803326e+01
-1.980990635575881242e+01
-1.988084951971254810e+01
-1.985292046271886690e+01
-1.911664914015313244e+01
-1.892023829620193354e+01
-1.898404254183540374e+01
-1.888809896042695868e+01
-1.913926217863705403e+01
-1.663701824729758982e+01
-1.668735692275191340e+01
-1.657991448790994582e+01
-1.660987874350014337e+01
-1.656288168522691961e+01
-1.672980102257762525e+01
-1.670137522228478844e+01
-1.645450140753770185e+01
-1.659839596269968709e+01
-1.676852338140419363e+01
-1.604856042361003432e+01
-1.629854386517630616e+01
-1.646070811229921205e+01
-1.663258328049425216e+01
-1.609290595179973948e+01
-1.678437380807487855e+01
-1.654360095318310186e+01
-1.664339902265194482e+01
-1.684845056736522295e+01
-1.688700788765529026e+01
-1.633804172016377265e+01
-1.608406025415880691e+01
-1.612824049157492823e+01
-1.621625875253403137e+01
-1.626983089031514496e+01
