-2.320863750806524806e+01
-2.343994471208605290e+01
-2.332668084210189008e+01
-2.338125718008574339e+01
-2.348241917176018845e+01
-2.265912826650475864e+01
-2.293992615539254487e+01
-2.294929264772806832e+01
-2.252923908678915410e+01
-2.294263460806782717e+01
-2.265292230484000768e+01
-2.264997419721803240e+01
-2.233794883430226008e+01
-2.265561800679162374e+01
-2.252914338051867915e+01
-2.268149940899682093e+01
-2.222302046412222509e+01
-2.266188552302748604e+01
-2.243574088688316337e+01
-2.249767435334944565e+01
-2.285876226520500509e+01
-2.262266268249976520e+01
-2.259616023520780104e+01
-2.283868325849140390e+01
-2.245567751228150044e+01
-2.249022119150362542e+01
-2.271541012102252921e+01
-2.261226688265424656e+01
-2.253584698901353889e+01
-2.261487634717548900e+01
-2.190070714428769350e+01
-2.205829217920044982e+01
-2.206351602856205574e+01
-2.193880470304528885e+01
-2.201256395374546315e+01
-2.207430000573505779e+01
-2.211628167520593280e+01
-2.171800683917720320e+01
-2.210946861211171210e+01
-2.195705777195030350e+01
-2.193806253622789626e+01
-2.142948369341728920e+01
-2.200776439732247525e+01
-2.137771813541682064e+01
-2.175262429249373497e+01
-2.161559540262048174e+01
-2.161385190897652819e+01
-2.143760313842985354e+01
-2.158279002544215786e+01
-2.140705301886450940e+01
