-1.949552879596935995e+01
-1.985760238881422524e+01
-1.936142464422959364e+01
-1.969775094350426770e+01
-1.975939932659601084e+01
-1.959403261226094628e+01
-1.960430360967415808e+01
-1.951746554665047029e+01
-1.977402511777582106e+01
-1.955314143970462482e+01
-2.013978456208891643e+01
-1.996465060246156398e+01
-2.017918403883651735e+01
-1.981534049253087204e+01
-2.019726608813765267e+01
-2.040293672871010600e+01
-2.031089287265157139e+01
-2.059460717287184650e+01
-2.020624058117663679e+01
-2.043646241625653204e+01
-2.088072790012435931e+01
-2.041905293781590913e+01
-2.068547362091949893e+01
-2.060763849268556314e+01
-2.045555933175823426e+01
-1.785018356717721844e+01
-1.806617536548412772e+01
-1.791802081626323684e+01
-1.793817647776881330e+01
-1.812487612151970495e+01
-1.802118596785567206e+01
-1.793134679395797093e+01
-1.799961932326469949e+01
-1.803948170620023106e+01
-1.789478544283909045e+01
-1.802922148425971471e+01
-1.811333135852455811e+01
-1.839639346487167870e+01
-1.808603183511280221e+01
-1.849188373600732405e+01
-1.902497335419263536e+01
-1.860067211925075981e+01
-1.912833793069390254e+01
-1.867486281713091145e+01
-1.876986106759936845e+01
-1.921163751577103085e+01
-1.890635944879792874e+01
-1.936064572885198132e+01
-1.894892507918578417e+01
-1.925505431492615571e+01
