-2.111679158151903124e+01
-2.107362426998191651e+01
-2.133821992543308355e+01
-2.111950023070089699e+01
-2.104056947085303619e+01
-2.056960182603786791e+01
-2.111638857595381324e+01
-2.070212988940510002e+01
-2.141235439775025284e+01
-2.118105289110784994e+01
-2.166171799126121300e+01
-2.164072463828489035e+01
1.240898885058325277e+03
-2.175948446354289700e+01
-2.139138250747753389e+01
-2.140834438881397261e+01
-2.148188509087853149e+01
-2.145363270251366572e+01
-2.150749882092715382e+01
-2.116299031742194714e+01
-2.175400929660778715e+01
-1.079296334596638644e+03
-2.178195702221044172e+01
-2.179509219925837016e+01
-2.240450805250033284e+01
-2.215495018070158295e+01
-2.167759200223866856e+01
-2.173272980330022008e+01
-2.114312501608378270e+01
-2.155167623816628719e+01
-2.132589802986492700e+01
-2.117229017813404468e+01
-2.190875224630635287e+01
-2.073017146490566631e+01
-2.136173734278226988e+01
-2.157466909521486897e+01
-2.135513319978015900e+01
-2.162438684957565727e+01
-2.120556363640678299e+01
-2.183137743700416422e+01
-2.068591127515163564e+01
-2.033361531664581179e+01
-2.141924699735692528e+01
-2.126671741687079020e+01
-2.160669166532067464e+01
-2.081018666768324721e+01
-2.158714023506293600e+01
-2.097716676748001063e+01
-2.166621662587674635e+01
-2.107006360112469778e+01
-2.117249798496463953e+01
-2.073598767524786268e+01
-2.135058078105010182e+01
-2.145936701730235896e+01
-2.096818790156525125e+01
-2.186973766619343706e+01
-2.101371608461828799e+01
-2.210336874645854977e+01
-2.124615054386459434e+01
1.508230459894274418e+03
-2.193633767661474820e+01
-2.187344300170320821e+01
-2.165676349358681563e+01
-2.145662502490392143e+01
-2.152399933678145416e+01
6.615366383555344783e+02
-2.122409163976122670e+01
-2.163414142165635567e+01
-2.939496804465794710e+01
-2.200708516688192518e+01
-2.083017976367053237e+01
-2.116057856238402834e+01
-2.117300409177023468e+01
-2.054753721648415521e+01
1.496598961648001023e+03
-2.086489588456559474e+01
-3.052232560705630249e+02
-2.096383653437741046e+01
-2.072221394929622562e+01
-2.127144786997148529e+01
-2.127170245636350998e+01
-2.124257688561571200e+01
-2.210881012239727283e+01
-2.073886181184581190e+01
-2.117113718303027170e+01
-2.115196341357648180e+01
-2.076541727209048105e+01
-2.141002395476870390e+01
-2.109294674232898004e+01
-2.127834407096625213e+01
-2.040805974866530903e+01
-2.068676043394692243e+01
-2.096728367811868310e+01
-2.098022213815037418e+01
-2.094639821224691900e+01
-2.104670662486439170e+01
-2.092319116640261356e+01
-2.060346133962844206e+01
-2.041019706559321634e+01
-2.088608368220367595e+01
-2.090758690822906729e+01
-2.094419910386971750e+01
-2.143046734467109715e+01
-2.085771035107264382e+01
-1.899610785714341432e+01
-2.091602307734676813e+01
-2.090951622117953335e+01
-2.128651263982292008e+01
-2.087654899701535527e+01
-2.143554536753745765e+01
-2.139702053445544649e+01
-2.188993692804918112e+01
-2.130388688573144051e+01
-2.102239876455334411e+01
-2.119264323278443740e+01
-2.093500544314686351e+01
-2.127679061299360086e+01
-2.099753034729431178e+01
-2.117608567883946691e+01
-2.143640665803362566e+01
-2.127181886513232456e+01
-2.160242069775216933e+01
-2.164067606834568736e+01
-2.146880408202963508e+01
-2.147057157951515904e+01
-2.118716714017522662e+01
1.636115310181229461e+03
-2.187567986859503222e+01
-2.138203763642901478e+01
-2.178911044546937958e+01
-2.084156832004859794e+01
-2.122027001452401151e+01
-2.106603536751661565e+01
-2.046036674220745510e+01
-2.129609307611207925e+01
-2.091169436710168483e+01
-2.142305961973664097e+01
-2.086526198088067829e+01
-2.073975865458561785e+01
-2.151685519300582072e+01
-1.303533186653295161e+03
-2.052118968888402151e+01
-2.020872937944104208e+01
-2.065002365881109725e+01
-2.137410939640130181e+01
-2.009324736590017579e+01
-2.089889639184350045e+01
-2.068590955539350773e+01
9.099937358011191009e+02
-2.065653210428081010e+01
-2.083892598327182810e+01
-2.046783766301382812e+01
-1.351424245933334305e+03
-2.094508267513888811e+01
-2.108218453907786838e+01
-2.127392880444350354e+01
-1.982924497997285584e+01
-2.214549167227655957e+01
-2.018735724277516042e+01
-2.076709458641161632e+01
-2.136510787611620543e+01
-2.097385754817421244e+01
-2.107260052713700915e+01
-2.086663114907016592e+01
-2.105578411192993471e+01
-2.109381146479172031e+01
-2.106009056605424590e+01
-2.144922070256173185e+01
-2.112775738872784359e+01
-2.147755563619015717e+01
-2.042543673222987266e+01
-2.081461908704042685e+01
-2.065567740445482414e+01
-2.056974275295375776e+01
-2.059320089082200766e+01
-2.103576456391754945e+01
-2.168701224415564965e+01
-2.055202096368157072e+01
-2.080590222050907201e+01
-2.057093682340008911e+01
-2.128314313212834463e+01
-2.078275077619043643e+01
-2.087917018607716102e+01
-2.034986621137544915e+01
-1.630987764067012449e+03
-2.051404559814450934e+01
-2.056472881105073114e+01
-2.142793262471158400e+01
-2.049833350445200608e+01
-2.080513555724276742e+01
-2.056755754302397321e+01
-2.070661744939933513e+01
-2.044544603288551343e+01
-2.092205898918631490e+01
-2.069204958917611847e+01
-2.064632995899523493e+01
-2.069229639189658698e+01
-2.025206967155709847e+01
1.204374018194982000e+03
-2.065487726021765980e+01
