-1.612347612624322934e+01
-1.693053733648167380e+01
-1.868977092442410992e+01
-1.666668366089597697e+01
-1.608058833131806509e+01
-1.748927200543860039e+01
-1.763631682545451440e+01
-1.845746511525574718e+01
-1.819681864847431285e+01
-1.779417645223684019e+01
-1.662165224728192214e+01
-1.570867445852379873e+01
-3.155193003668935248e+01
-1.634138519014753399e+01
-1.618044125014724344e+01
-1.755298604291070674e+01
-1.562080332416166151e+01
-1.676233308520118115e+01
-1.767046611805027112e+01
-1.866942649874939875e+01
-1.577174031403722054e+01
-1.611160279117689953e+01
1.954125863430318077e+03
-1.704477322368532555e+01
-1.655326739713900963e+01
-1.717105127580296653e+01
-1.785885302000025021e+01
-1.755441757827758309e+01
-1.802385188964026241e+01
-1.738429308169072129e+01
-1.568419977236497154e+01
-1.606087104972274915e+01
-1.703405206494327118e+01
-1.750223364916288205e+01
-1.667527048163821846e+01
-1.752164958722251953e+01
-1.662148592697345961e+01
-1.770400918277192659e+01
-1.760678990304348446e+01
-1.818798979400107640e+01
-1.629230021773428305e+01
-1.617835246301811480e+01
-1.604336480950731314e+01
-1.405314137886556303e+01
-1.603681107642110604e+01
-1.705430885764518578e+01
-1.768828707363739028e+01
-1.820302155213966344e+01
-1.732067941242285158e+01
-1.771111460476688748e+01
-1.570431269868926627e+01
-1.679695317933319387e+01
-1.704303606388954151e+01
-1.303451967768540776e+01
-1.695785768586699405e+01
-1.702283039644644091e+01
-1.713826656224406975e+01
-1.765399652061941538e+01
-1.722765816166992536e+01
-1.796082802383221377e+01
-1.639485051248216863e+01
-1.653308312822035830e+01
-1.756237345234298175e+01
-1.737465226838996912e+01
-1.764867662555527517e+01
-1.710073096745139054e+01
-1.575899358680231721e+01
-1.647199503674452004e+01
-1.825484067945033217e+01
-1.860186414859837356e+01
-1.728232691372775420e+01
-1.782846283142587396e+01
-1.869727040226931081e+01
-1.852180582792766472e+01
-1.768198591075460868e+01
-1.658681937275459717e+01
-1.707906656477160112e+01
-1.850798656907932838e+01
-1.790810809904755274e+01
-1.871593807389173136e+01
-1.857944890349563138e+01
-1.842471954317966620e+01
-1.855520578739810844e+01
-1.716455953620899066e+01
-1.762598935851719162e+01
-1.655391454118398187e+01
-1.674477085336209470e+01
-1.749093005473689644e+01
-1.916238107347439623e+01
-1.897860207907758578e+01
-1.859687857576528813e+01
-1.806162694410424052e+01
-1.804468292215539549e+01
-1.626474279788286381e+01
-1.852148419844797189e+01
-1.667535918285654262e+01
-1.760941210302414461e+01
-1.751772326315033368e+01
-1.812287372692779996e+01
-1.853575560647347942e+01
-1.550125055489730030e+01
-1.536541235371318770e+01
-1.745641486690239219e+01
-1.655432339963008914e+01
-1.427435002469727543e+01
-1.565915710178166798e+01
-1.580051523408193503e+01
-1.706638789817462865e+01
-1.685226706209361325e+01
-1.710796501541427261e+01
-1.528623047175272021e+01
-1.429077586718505266e+01
-1.617192369910780769e+01
-1.687599974861113594e+01
-1.421443903774466833e+01
-1.581279870455535175e+01
-1.451770603864157927e+01
-1.503970954198781662e+01
-1.671527546002046094e+01
-1.709591233517127762e+01
-1.500126766250567556e+01
1.792899502638878403e+03
2.321029832673125838e+03
-1.527128681080842121e+01
-1.458481220783845167e+01
-1.551687409577572119e+01
-1.580519253010383629e+01
-1.583751916004231930e+01
-1.608264418372540661e+01
-1.629778840162078168e+01
-1.468981725718170317e+01
-1.461007785576345874e+01
-1.592915869409861962e+01
-1.587235091530993358e+01
-1.529444306171654588e+01
-1.579381674431135352e+01
-1.524409042554222360e+01
-1.577717750574179689e+01
-1.547903277311156600e+01
-1.684121590002447988e+01
-1.504120612160060588e+01
-1.502011299686881607e+01
1.404926620775868514e+03
-1.469258130096023685e+01
-1.481591955156932094e+01
-1.498252075505542891e+01
-1.651039646558712448e+01
-1.601370959338151678e+01
-1.579516980884332966e+01
-1.621074462952835660e+01
-1.542649266259553009e+01
-1.548472402475544207e+01
-1.597354632427264676e+01
-1.496660619235017720e+01
-1.475715680580971068e+01
-1.513851740740241780e+01
-1.515507356512700810e+01
-1.538813076470083985e+01
-1.594861357355646447e+01
-1.682763821785495040e+01
-1.505091592352880170e+01
-1.586651879575850721e+01
-1.613306125384756484e+01
-1.650411893378653616e+01
-1.751254007765586351e+01
-1.615105355713112800e+01
-1.563811495381354710e+01
-1.520316739104787196e+01
-1.657772674128128187e+01
-1.664325617206643315e+01
-1.571935796715678180e+01
-1.693872504543370283e+01
-1.582760151354128730e+01
-1.664332170495468688e+01
-1.622408180132634214e+01
-1.471015468112607927e+01
-1.518839757544039415e+01
-1.633698109294015310e+01
-1.632640312317089837e+01
-1.745866459599632492e+01
-1.761971566245207299e+01
-1.693377725606263695e+01
-1.696470252642653875e+01
-1.646784809696213614e+01
-1.668398862849190678e+01
-1.451482971803086564e+01
-1.530203958839747358e+01
-1.582515646389711428e+01
-1.719698403249967100e+01
-1.699187250764520485e+01
-1.764753608995646061e+01
-1.674118695385618949e+01
-1.928437172862898663e+01
-1.394760827037325868e+01
1.433809222305737876e+02
-1.375731295201960691e+01
-1.576304191408513233e+01
-1.538987773293653305e+01
-1.712750816805867160e+01
-1.682796498088519854e+01
