-1.937051710796706416e+01
-1.940055444986021627e+01
-1.981735211638822705e+02
-1.957712420893625804e+01
-1.980199862747040385e+01
-1.887877075334443333e+01
-1.900714266604063241e+01
-2.024322865085002121e+01
-1.957325286156599731e+01
-1.963788642100901427e+01
-3.837139833463896252e+02
-1.969797957904620844e+01
-2.029946432513971999e+01
-5.786453765452731659e+02
-1.879453678387292115e+01
-1.910700461531562055e+01
-1.901722729007640211e+01
-1.981697706093666156e+01
8.178904478735477142e+02
-1.926044937245238131e+01
-1.907652414457223955e+01
-1.945560792927287608e+01
-1.957940742267032519e+01
-1.933233531974189034e+01
-1.921285059499727410e+01
-1.946936875477731377e+01
-1.957785388356790790e+01
-1.982537826718334983e+01
-1.940570867576093761e+01
-1.931641671497419210e+01
-1.938090976828069500e+01
-1.949913186828801415e+01
-1.909824167436960352e+01
-1.922126967543968945e+01
-1.947299206859334575e+01
-1.937584159550988616e+01
-1.972224913391105261e+01
-1.913481224946064074e+01
-1.897726507616894764e+01
-1.964900933320407717e+01
-1.966208042556328905e+01
-1.926738040407651908e+01
-1.943921816889158549e+01
-2.002391955079560404e+01
-2.032205962395610044e+01
-2.007275550715868562e+01
-1.920675862227656694e+01
-1.936348045419480002e+01
-1.994915496241151232e+01
-2.011653505452489199e+01
-1.998175837469216631e+01
-2.019234381059878203e+01
-1.963227396257511259e+01
-1.968956811002734852e+01
-1.961033775922263800e+01
-1.997826327110713152e+01
-2.006099891814127290e+01
-1.977114940767520324e+01
-1.988476948501718056e+01
-1.991417531668060192e+01
-2.066808960948456786e+01
-2.018320875065467135e+01
-2.005191909145339224e+01
-1.958154429789417250e+01
-2.036455902969816378e+01
-2.029311744535937123e+01
-1.997617990732472748e+01
-1.986446919144086820e+01
-2.011482151679466313e+01
-2.023246678058652037e+01
-1.996469337817207190e+01
-1.968464421858709557e+01
-1.965406335410744987e+01
-2.045347948352829803e+01
-2.016680257796549114e+01
-2.041709048629814660e+01
-1.989357142439657622e+01
-1.997304710785967430e+01
-2.018553042739799253e+01
-2.036206224627609274e+01
-2.036246650357981380e+01
-2.035416308892637360e+01
-1.997880995132944904e+01
1.242414194314291535e+03
-2.007415587104122423e+01
-2.008898242282069546e+01
-1.995008293109944475e+01
-1.988115654943954880e+01
-1.988774163492603364e+01
-2.015265098551667222e+01
-2.089708303500045616e+01
-2.085084259344537116e+01
-2.027235280245504612e+01
-2.039857411146648758e+01
-2.040698156677961350e+01
-2.106921607280714070e+01
-2.087514183627072839e+01
-2.041849024192457307e+01
-2.004878866005886451e+01
-2.094619889805763080e+01
-1.785031201658818034e+01
-1.751311713307438822e+01
-1.804590817356252685e+01
-1.795133820817393300e+01
-1.810911507631321982e+01
-1.793099351445629352e+01
-1.734924488755197558e+01
-1.824869690825448032e+01
-1.821054749136250805e+01
-1.819041887363446719e+01
-1.737037230469545790e+01
-1.779343351174411225e+01
-1.786301141272685200e+01
-1.747149290150253620e+01
-1.725895883110327489e+01
-1.753590550014774507e+01
-1.806614085107100109e+01
-1.764030145914251335e+01
-1.756215946818261742e+01
-1.754884526575286685e+01
-1.811540193687077149e+01
-1.763669870568989140e+01
-1.824201588663189710e+01
-1.815451234271416325e+01
-1.846561160785478251e+01
-1.764951218265895960e+01
-1.807750195643424007e+01
-1.856226606536328561e+01
-1.800306310164370771e+01
-1.787411507264056354e+01
-1.771593954867307730e+01
-1.758515582437658509e+01
-1.711727151974365668e+01
-1.746310026244685076e+01
-1.740571978357006344e+01
-1.741467746219118951e+01
-1.753387815424812857e+01
-1.703118237862793549e+01
-1.728697570576180809e+01
-1.771251853302731405e+01
-1.759776913459918646e+01
-1.734290231421190143e+01
-1.766599115372828521e+01
-1.735660613542516728e+01
-1.791333428296104913e+01
-1.779236583039811492e+01
-1.739621760207045043e+01
-1.755153317375888378e+01
-1.790601977990666072e+01
-1.805141055671778005e+01
-1.790489225297467257e+01
-1.784533456991695743e+01
-1.775098939595186209e+01
-1.868861020285783425e+01
-1.875556351747039940e+01
-1.846559465695924729e+01
-1.768780615470039663e+01
-1.870201725875465826e+01
-1.864685118628403515e+01
-1.899010432722545971e+01
-1.908254653393133893e+01
-1.882057648916098103e+01
-1.851526675635859220e+01
-1.841458751682299066e+01
-1.861691054808633083e+01
-1.932822922611114791e+01
-1.892544956537880907e+01
-1.831647105458542057e+01
-1.825932977476454155e+01
-1.871047920601468917e+01
-1.847266291497138369e+01
-1.383796591139569898e+01
-1.792493708817165654e+01
-1.847016553697370966e+01
-1.846385989863436805e+01
-1.859394426290843683e+01
-1.744700844956996377e+01
-1.845911405541291472e+01
-1.834829893549373736e+01
-1.847978089167532900e+01
-1.914405687461120920e+01
-1.783685782182712032e+01
-1.791382471733388471e+01
-1.821665098752967538e+01
-1.873871565481810464e+01
-1.930128581290247780e+01
-1.826805143123868902e+01
-1.783710656194715227e+01
-1.839063687969322203e+01
-1.894718968525140568e+01
-1.849929759570895982e+01
-1.919335982499965354e+01
-1.896112670918370924e+01
-1.910466764329088818e+01
-1.925913377735216869e+01
-1.895511546380798862e+01
-1.919696264487982162e+01
-1.906270546051328196e+01
-1.907544167151635506e+01
-1.936958419548776433e+01
