1.736935734123204345e+00
1.614448991728300253e+00
6.171271488709479769e+01
1.045111791160184822e+00
-1.094744338891762148e+00
-2.310811739041981117e+00
8.210969194513660918e-01
1.635822288373853572e+00
1.186284419716687077e+00
-9.874382700209711761e-01
6.667031419317204666e+01
2.277903596643235051e+00
2.475168940922699345e+00
1.914373955408563006e+02
1.603757714895120978e+00
8.411018475392589844e-01
2.015749263872936403e+00
2.030531065956920678e+00
2.652921064953626455e+02
1.358405996215139799e+00
1.230862466249386111e+00
1.192808531009353024e+00
7.102737263126669420e-01
-1.676689615510529086e+00
1.307849766584918028e+00
-1.858795462936649656e+00
6.060857163678603499e-01
8.524251886431079006e-01
1.380653298145271712e+00
-1.101239720066499395e+00
6.655282085815839022e-01
1.060428999213053558e+00
1.109608674061257849e+00
7.819542045184184609e-01
1.184949007716458586e-01
1.012849426666377228e+00
1.272453332520841141e+00
-7.980595915162246312e-01
6.943772250832319637e-01
8.256181636717644379e-01
9.819181381443439216e-01
-1.307593371200802768e+00
1.245422358883581104e+00
-7.346678620143982652e-01
1.504608892293216371e+00
1.741117696366512479e+00
1.054128040884801498e+00
7.317561645791780256e-01
9.486397560427620723e-01
1.085737888905075721e+00
1.295634225622285918e+00
9.389570769053215971e-01
-9.724644305566971791e-01
1.129378091856968025e+00
1.275312127513537286e+00
1.071911295146570353e+00
7.566241276768989055e-01
1.114020235429784567e+00
1.155357257068101440e+00
8.470213146776975899e-01
1.043930838059543120e+00
1.477755041681803272e+00
1.086679057316309205e+00
1.906912332293748902e+00
1.063809686110950947e+00
1.397662669829845772e+00
1.720086506506363744e+00
1.183285344984662757e+00
9.748247120210007388e-01
9.848180352041443486e-01
1.287206275231067121e+00
9.386979628447770230e-01
1.324862315458734008e+00
1.291907010413195778e+00
9.360742114328105545e-01
-8.174004129803493779e-01
9.990447541671798604e-01
1.200277101967495375e+00
1.665072785639374775e+00
1.361593860391550059e+00
9.040432182576477738e-01
-1.417390458439986789e+00
1.141356699134088659e+00
4.903170796582694493e+02
-1.363309009603580035e+00
1.393697011073800063e+00
1.429302019593105655e+00
1.411939848050980828e+00
1.376873954155137580e+00
1.352265422069564682e+00
1.462635938009371195e+00
7.215645854868741882e-01
4.296660993706901688e-01
6.527082573089113549e-01
1.142156851599232192e+00
1.254546671307263717e+00
1.130398980535331388e+00
4.788618290541006850e-01
4.790480062139310102e-01
1.460857340925263426e+00
-1.195770136923444360e+00
1.440950990341790972e+00
1.548672506933592485e+00
1.345381533414944597e+00
1.131558423832130567e+00
1.273030634770645264e+00
1.037978256930115695e+00
-2.072253187593417145e+00
1.320898759376120113e+00
1.337465540508820050e+00
1.155899934268533880e+00
1.128014239280193953e+00
1.509402965980507716e+00
6.779617868209579790e-01
1.597847692736143577e+00
8.156328364514298102e-01
1.077353774537071374e+00
1.095894005321887299e+00
1.508977660817192090e+00
1.176362283239656747e+00
1.074660347084360534e+00
1.311277740188658614e+00
1.457025946712758646e+00
1.010889269138548263e+00
1.388141708554079257e+00
5.744849092414564540e-01
1.007950417558978407e+00
8.511698615051823680e-01
-2.139762673661443237e+00
-7.749039322287871734e-01
1.366237901974233671e+00
1.848623102082627589e+00
1.206855964162885764e+00
7.519912802697511500e-01
1.415991170435980662e+00
1.353015258248721819e+00
1.136918964762507755e+00
1.154697038675819298e+00
9.850511714692140597e-01
1.188578107776311343e+00
1.294647741040674260e+00
1.825735040010848742e+00
1.602508187872714096e+00
1.349208057117069481e+00
9.435453682147387777e-01
1.398424223524924459e+00
1.772066520761168551e+00
1.477321729659327065e+00
9.547923372567359568e-01
8.121199924952521298e-01
1.735781340976365605e+00
1.139301201232643335e+00
-1.137068549328471123e+00
1.573737914171563279e+00
-1.801539226092121249e+00
1.126594405344087724e+00
1.400144506448479875e+00
4.528813322986343093e-01
1.262782962858862934e+00
1.484236908264828347e+00
-6.693928311214630833e-01
1.352500323744031396e+00
1.581861277667338417e+00
9.198958805943968642e-01
-8.324252531411687750e-01
1.208195836511045673e+00
1.527786459813716968e+00
1.753512935436269071e+00
1.074839677865762733e+00
7.224917576392154706e-01
1.852540320190136480e+00
4.614489282672955994e+00
1.013391851288179435e+00
1.283934120482976171e+00
1.052155332539569388e+00
1.636735669567780382e+00
5.075320563760928883e-01
1.239641922671108398e+00
9.582572376684479476e-01
1.370087873758587538e+00
1.018488859240715527e+00
1.715295238749871443e+00
8.402596549712658680e-01
7.230167427347690134e-01
1.181971134823455616e+00
2.202430553466960372e+00
-1.446650798893276857e+00
7.611354240763216206e-01
1.244565695435476904e+00
1.195372511510663927e+00
-1.292619237240213659e+00
9.762313918293664683e-01
1.117740664431320807e+00
6.991399017045474285e-01
5.977328582429239923e-01
6.613767862697458311e-01
1.041577134553659079e+00
1.220687213346911770e+00
7.411355701297205334e-01
-7.378123416326060058e-01
