2.036235100304662371e+00
-1.985159870130206672e+00
7.547652835249377468e+00
5.264857347134230814e+00
1.558077830299383626e+00
1.714735666902728717e+00
-1.857936184540387226e+00
1.740119947270449385e+00
2.723882242619772853e+00
-1.430340767174635541e+00
2.034140911911456850e+00
2.894086100055278443e+00
2.295166166546979625e+01
3.559611531220390646e+00
2.096046236689177888e+00
2.904762169126278160e+00
3.324016417055149386e+00
-1.877059834392609705e+00
1.671092772141604899e+00
2.098891568932056639e+00
1.218943611981242681e+00
3.751465076027459489e+00
1.844498330353177948e+02
-2.993565911314021832e+00
2.158179802050778306e+00
2.879018477488492600e+00
1.874240762383397207e+00
1.464284606035201275e+00
1.872338352086868163e+00
1.770783808754771593e+00
2.825988682959384768e+00
2.470070129538754600e+00
2.418220108252789657e+00
-2.211029230761826447e+00
2.921366980202118935e+00
-1.725194729088363799e+00
1.980600496195769500e+00
1.098292005624104783e+00
1.063088908481877315e+00
1.250224646567566600e+00
2.598757279022903877e+00
3.054515515168257700e+00
5.639803148898971052e+00
6.382372749806443757e+00
2.759991907768804431e+00
2.975935873608487103e+00
3.029012539219093192e+00
2.214919108310423823e+00
1.482248120565106353e+00
9.948455681071142198e-01
3.222455505385142693e+00
3.665454101779558549e+00
2.435969730024682978e+00
1.030218967267485652e+01
-2.841833930827054377e+00
-3.923599329408796521e+00
-2.643020430110684771e+00
2.379830481289157529e+00
1.157174569102816797e+00
9.566430513935589852e-01
-2.629208998071692616e+00
-3.132783227294648309e+00
2.256583848988867214e+00
3.239662619197126503e+00
2.563934505663929997e+00
3.624364748599588459e+00
6.470525008197252959e+00
2.999319522036864250e+00
1.189680712458218270e+00
1.400218840866205960e+00
1.412650303207696911e+00
1.614520930743552851e+00
3.671754597884650639e+00
3.890139977262062398e+00
-2.082389329004243006e+00
2.660425941188070187e+00
2.181067795597401826e+00
2.004522907196531811e+00
1.415161462067090703e+00
1.255988857518185453e+00
1.816001118444772189e+00
1.786254818936170441e+00
2.529562863650012705e+00
2.328719817165902928e+00
3.331011900550302052e+00
-2.650436358304120166e+00
3.012612044944870338e+00
2.809775300054816238e+00
1.836198980473539244e+00
1.306905322594760444e+00
9.708027972861469346e-01
-1.314136983387814928e+00
2.780193385439271303e+00
4.924748072882871419e+00
1.387362860523296071e+01
3.509866124569287482e+00
-2.878820431862718188e+00
2.968211460443280991e+00
1.685919466899690633e+00
1.140332244120526584e+00
2.054532336877354926e+00
2.463419087711506528e+00
5.253884387123886945e+00
6.864370389777891823e+00
1.611441382702687219e+00
1.281839537507890148e+00
2.089694689580567477e+00
-1.605838622261325677e+00
-2.109003049570536970e+00
9.205798059583839565e-01
1.619916154294176458e+00
2.796865692705329476e+00
5.402615124099483523e+00
3.994591632750847499e+00
2.040240367326244808e+00
2.280543062158748580e+00
3.018238934564883014e+00
2.125368300443481129e+00
1.435420142297440416e+00
-9.360644486595234293e-01
2.224531645689950654e+00
8.139694477142389815e+02
1.453216304274821482e+02
3.586213037282697691e+00
2.462235538584921724e+00
2.332977517241404009e+00
2.447167266551218745e+00
1.179387130307283815e+00
1.927568364016961411e+00
1.247167774358118209e+00
3.281765258686879516e+00
-3.446555611003079722e+00
2.704751282090926523e+00
2.861428740161118700e+00
-3.746413532495955767e+00
1.226476780330075789e+00
1.565454130024237944e+00
1.126093705510047283e+00
-1.134258126828433300e+00
1.144480569738439257e+00
-4.162222798379348276e+00
3.141033344776911651e+00
5.227536382707327220e+02
3.476269768918779590e+00
-3.327337915954721836e+00
2.257186230561676332e+00
2.871487728091878910e+00
1.239482610549610397e+00
1.132583583966792817e+00
9.668955382848994917e-01
3.429508309171471758e+00
4.209668611605758670e+00
3.713369290834591219e+00
5.502748691890448463e+00
3.757512117396152540e+00
3.279949849421817998e+00
3.012671763286280502e+00
2.068913562078686930e+00
1.037120323282858525e+00
7.416639654555547967e-01
2.596744478472488460e+00
3.104886210723565299e+00
2.800383804256310061e+00
4.750778199152044579e+00
-4.291240724161156095e+00
3.288860357565916992e+00
3.641507931193297853e+00
2.210121595292230623e+00
8.379663232566368913e-01
1.203492180769490494e+00
1.974941321858436849e+00
-2.104641278821182127e+00
4.230661693990899863e+00
3.282754384922530910e+00
2.136036730721436960e+00
2.476240508278973795e+00
2.654731188730319769e+00
1.416633513919856924e+00
-9.734340846918944079e-01
9.752370580971360114e-01
-1.743017355014944592e+00
2.617021596509947923e+00
2.597541946129106716e+00
3.118259669138887080e+00
2.866453163320144437e+00
2.887446622526326667e+00
2.419182376715486082e+00
1.912362802340398460e+00
1.546664172825533257e+00
1.040345525204830590e+00
-1.254844900814789055e+00
-2.598220897031643606e+00
7.983151437189597743e+00
5.565914492977310779e+00
4.583394167719959711e+01
4.871930682201899288e+00
2.409086730144649469e+00
2.368370111217887874e+00
1.498779038177093570e+00
1.111394714787502069e+00
