1.462637213933802860e+00
1.452732581588206839e+00
1.298606360552406747e+00
1.457820385097341243e+00
-1.164225907453583453e+00
9.690733214317347466e-01
9.720424930545926712e-01
1.053530822546531631e+00
9.765180541554701055e-01
1.022919541705702651e+00
1.131109886724123825e+00
1.005664999253126579e+00
1.181329915862681768e+00
1.057043935777182808e+00
9.747779235875237980e-01
1.227963252569651997e+00
1.160361718060285208e+00
1.004249589187713454e+00
1.202505690026150376e+00
1.192653423292975301e+00
1.036874299805902400e+00
9.265778131948967378e-01
1.293407975840240365e+00
1.118973258121643166e+00
1.242708877721474314e+00
-1.070669244474622639e+00
1.230828072616666269e+00
1.153225554353430882e+00
-9.639927709654564358e-01
-1.267149284264144304e+00
1.331563914216056910e+00
1.131690391302387688e+00
1.301187459400958257e+00
1.333012027090592744e+00
-1.010207098907652812e+00
1.337615931396362035e+00
1.350418174501991198e+00
-1.303446621587047494e+00
-1.403371479388048959e+00
-1.252093501560802125e+00
1.523813857614873646e+00
-1.209605661533765586e+00
1.192976965887526219e+00
-1.401333882378726026e+00
9.976951355767382790e-01
1.190095382796517942e+00
1.160397877716718318e+00
8.433981816495297323e-01
1.320121804935719512e+00
1.009113943603843433e+00
