1.246976746817584969e+00
1.382121471623092512e+00
1.285675805807827699e+00
1.232571585479530940e+00
1.239578526913982071e+00
1.330242607103500285e+00
1.179650144707135029e+00
1.505970827996681027e+00
1.147043151674074668e+00
1.273877896267587406e+00
1.258090247350816870e+00
1.207013332834792729e+00
9.947287193088465429e-01
1.194470182717347617e+00
1.321809120187076525e+00
1.303601037197613444e+00
1.210935807773418027e+00
1.347552267566384687e+00
1.502748353207545406e+00
1.205479765858944674e+00
1.531355503421092390e+00
1.332003981224001210e+00
1.511022698582911383e+00
1.443847711532419087e+00
1.505830170869627116e+00
1.233204896399944239e+00
1.222530635181856118e+00
1.321013906723031761e+00
1.026432784243082930e+00
1.374222076836615125e+00
1.295611436269652250e+00
1.184627614698572362e+00
1.345424065020268900e+00
1.106901124195608377e+00
1.450736501801501710e+00
1.277513871325789641e+00
1.010776433023244714e+00
1.288490631798354435e+00
1.117890264771427500e+00
-1.223771053682298771e+00
1.352806832100299061e+00
1.294440952189855665e+00
1.271343089636983503e+00
1.492469395785681385e+00
1.176602039078547435e+00
1.479748694057517078e+00
1.420955371891278185e+00
1.427791234720519054e+00
1.323736266434689446e+00
1.399997684722756430e+00
