1.672140245384497126e+00
1.349758359064961777e+00
1.456439231504159215e+00
1.696136565210870417e+00
1.623705769796256471e+00
1.234545616020158443e+00
-1.185086035111662772e+00
1.341425334302863703e+00
-1.580884119331590787e+00
1.560017924302385506e+00
-1.323261652856782655e+00
1.239837213578148578e+00
-1.271927403470230145e+00
-1.515142647943995557e+00
1.452902143564512194e+00
-1.440619374560381027e+00
1.521712878121640022e+00
1.284465446447482728e+00
1.611749878595755581e+00
1.522195597241900122e+00
1.103379702655335803e+00
-1.041573079077243502e+00
1.280380538086959064e+00
1.231828321642693957e+00
1.261849358865614557e+00
1.118312874146090818e+00
1.221063221455939818e+00
1.077882676103453008e+00
1.368389276955118916e+00
1.431247759726287594e+00
1.326468817368619435e+00
1.470681161159737016e+00
1.294759834847751589e+00
1.347007301907546806e+00
1.171014502281890746e+00
-1.232304878170925155e+00
1.188654084794412258e+00
1.146569454463662874e+00
1.158495923754768286e+00
-1.328238923899788038e+00
1.183073299172134440e+00
-1.328894678993983058e+00
1.393246018431921751e+00
-1.296336084760852270e+00
1.330864538604729308e+00
1.775042393282802333e+00
1.799592254584677864e+00
1.589906551048859473e+00
-1.443649750474901072e+00
1.393239107087428597e+00
