8.397842943975374341e-01
7.777883146237695167e-01
9.013798833422296264e-01
-7.036762856934746235e-01
1.047959814897671649e+00
6.087351095394363254e-01
7.599911649275353787e-01
1.095978558530691593e+00
9.323139146870946803e-01
7.975599493266449791e-01
9.015129309346381348e-01
1.008701667643888022e+00
3.540314006176680550e+02
1.199661308558994444e+00
9.872312228457041927e-01
1.315323187421846063e+00
1.362512451599879437e+00
9.023114153011047023e-01
1.088632365358264353e+00
1.167774580426598208e+00
9.339404469034003897e-01
5.339047291830357835e+02
1.443346422953550645e+00
-1.261936747835979311e+00
1.400612938861190759e+00
1.242390246499496254e+00
8.907657864390956526e-01
9.668618685075240915e-01
1.540619753684835169e+00
8.813804065909275343e-01
-9.691530833503657627e-01
-1.598238999327316279e+00
7.178664035584505498e-01
9.744297575485505458e-01
6.916934785115665951e-01
1.703683977178495512e+00
8.571591193476566506e-01
9.358540943692417180e-01
9.544035759561189103e-01
1.907302312363886587e+00
1.929343589290667182e+00
2.475786238474266376e+00
1.597465478028753605e+00
1.413727220583054445e+00
1.443307102388081908e+00
1.191057430363790859e+00
9.779867760680459599e-01
9.670906535163397155e-01
6.467141839128478509e-01
8.814416236549131867e-01
7.073705289711275102e-01
1.172960359420242904e+00
7.488036852798731768e-01
1.084523632716565267e+00
1.258735657942558817e+00
1.468245559387032939e+00
1.267409327383686390e+00
2.547858857051725323e+00
1.164007415940770951e+00
4.388344148170590415e+02
1.285865031298263128e+00
1.153096227180501421e+00
-7.177980138961070899e-01
1.388188302475810376e+00
-1.034810908831244269e+00
1.884580874348736756e+02
9.400796813694600740e-01
7.422488429294886725e-01
5.192098924367746449e+00
7.206884820476269216e-01
8.376972027381869301e-01
1.007947970540200577e+00
5.764038409624698822e-01
2.017455058008553070e+00
5.745021813920648128e+02
1.311213285414378316e+00
5.905092527883174824e+01
7.601120697180229202e-01
1.337876033005032328e+00
1.363889684463174490e+00
1.281924117554843034e+00
4.776351636991186256e-01
2.153746554986435857e+00
1.265439317426418464e+00
9.710466274615131566e-01
1.495120330698553879e+00
9.323272148254463376e-01
1.501958790897011342e+00
8.606034066127413729e-01
1.216350576024040953e+00
1.728459326392463913e+00
-1.303741070708644978e+00
1.373929770018317731e+00
1.393049348818105493e+00
1.114339158450015299e+00
1.104873530828343275e+00
-4.042229439202989494e-01
1.211901612631737013e+00
1.462782601610318922e+00
7.956925767871027011e-01
-8.186682402559245508e-01
6.191972582713123341e-01
-1.359723338007398752e+00
7.916004951601678385e-01
2.456327488133217773e+00
8.236599302228508890e-01
-8.760938284319401692e-01
-8.154056453904897639e-01
-6.148102232237567799e-01
8.574521898269161779e-01
7.678966735989019021e-01
9.024627930258105613e-01
-7.344276685337095545e-01
6.763741462587727904e-01
3.460146085814757022e-01
8.821383835965891373e-01
2.686125673978884132e-01
5.054159378096444444e-01
8.365525051404689716e-01
1.324253874980545254e+00
7.779602435733987686e-01
6.006268587262376668e-01
1.325606075595629374e+00
-1.054793199877396725e+00
1.386035188435820631e+00
7.158102213698348537e-01
4.890591880205106463e+02
1.967754879848884420e+00
1.178146119223560495e+00
-7.285743346441623247e-01
1.174615354430227576e+00
1.055758248967775481e+00
9.985357874882351270e-01
1.255019313240119727e+00
8.633803416797761754e-01
1.619968243002489761e+00
4.669330962498416948e-01
1.243167642381772575e+00
1.252535883761699775e+00
1.850354568224219953e+00
4.645345995004563520e+02
1.402022644168517740e+00
1.874010654584761237e+00
1.251260892551929516e+00
2.155655055244986240e+00
1.453194357222167055e+00
1.449997221520408219e+00
1.444897563628314785e+00
2.439711885236418709e+02
-1.018452501606490035e+00
1.459551654430791823e+00
9.395229229315518182e-01
5.394232401153792580e+02
1.138136926348137568e+00
1.741254977729868925e+00
1.782762864561888261e+00
2.448814583063260830e+00
3.018655492848822508e+00
1.567142045777873749e+00
7.867093527905354433e-01
1.157219321905050613e+00
1.518282496835086537e+00
1.242884823694242247e+00
9.861449829850739146e-01
1.099952885247072354e+00
7.357431078992956452e-01
-8.468691321260886085e-01
9.478436163940021641e-01
1.047318108603827236e+00
1.197942924894830119e+00
-1.289118995922530431e+00
1.785549683471671534e+00
8.455540380599692041e-01
-1.725049172508986706e+00
1.120276792534306232e+00
1.413467169605724827e+00
2.697780752746218980e+00
9.057448047599863106e-01
1.394492090110421856e+00
7.968249068588316719e-01
1.789413782455287816e+00
1.116104802218805370e+00
3.256228785321984009e+00
1.141291259211479225e+00
6.376575010296842265e+02
1.760900118761112187e+00
1.096681611093694775e+00
2.360875039304755951e+00
1.016933554895139924e+00
1.316377028780334690e+00
1.443941167614349874e+00
7.135892650978562513e-01
1.096124709412525711e+00
1.218073958928096445e+00
7.058158326208227029e-01
1.718490596841407259e+00
3.738112314063354313e-01
1.093698791528290970e+00
3.600653808198389925e+02
8.544451745126918629e-01
