1.739712509555926268e+00
1.683695597333788596e+00
4.346410398299767941e+00
1.050566500002177772e+00
1.114720879273329190e+00
2.237286912332230759e+00
8.544988577888662507e-01
1.549740323005402987e+00
1.198389771236506141e+00
9.957084763900926339e-01
2.020781962001359844e+00
2.408087884207076090e+00
1.548993828598707934e+00
8.265024572480559328e-01
2.096517556363865165e+00
1.922600682309808962e+00
1.336945521215410215e+00
-1.169622898910374520e+00
-1.224083570474205462e+00
6.742936951119914424e-01
1.911313467847482128e+00
1.350944137151631752e+00
-1.736714754051786214e+00
6.057663411664342412e-01
8.852749982569652065e-01
1.361982220616328343e+00
1.122176705659829965e+00
7.434985606024935301e-01
1.146909372390093829e+00
1.088580683473603816e+00
8.516149031957934712e-01
7.968560606884363962e-01
9.892879403279605244e-01
1.266627049462929477e+00
-8.773109233927516293e-01
9.668551563288453332e-01
-9.070160010635235359e-01
1.019244294579346288e+00
1.314072665244355509e+00
-1.253446635580868662e+00
4.121606061731878934e-01
1.515836447532350473e+00
1.831624235477584905e+00
-8.550123777799751856e-01
7.496761397274733785e-01
1.135307141543998144e+00
1.283210742806658367e+00
9.601175687864128561e-01
1.007674959584061947e+00
1.147317937755683914e+00
1.177475964751604876e+00
1.087262967085919962e+00
8.160668299401576675e-01
-1.126303316703451962e+00
1.196105280195115084e+00
9.144510362634319378e-01
9.330815158439645929e-01
1.440381346670433826e+00
9.980418746928180207e-01
2.163147114511715596e+00
1.192637154970128011e+00
1.411109702198218185e+00
1.626478270310356189e+00
1.285805957647720321e+00
1.081258442338731474e+00
1.039301852172728413e+00
1.230236016288686285e+00
9.731939769477746527e-01
1.314665404121925896e+00
1.326915882264437352e+00
-8.936437078459579242e-01
8.133710738950825636e-01
1.046449217897308159e+00
1.198874159837690634e+00
1.727194306846141947e+00
-1.354649422945747750e+00
9.066294269469440392e-01
1.437988414395162451e+00
1.113438819657359469e+00
1.463127771236581554e+00
1.386112733915077611e+00
1.513161601520850885e+00
1.412405194612289083e+00
1.370622194677809658e+00
1.335828037685207859e+00
1.451797719844282186e+00
7.876477961505158332e-01
4.891423802244430630e-01
6.981643616233776939e-01
1.188536641082880152e+00
1.193435634016016822e+00
1.235664509523281218e+00
5.098119806014393962e-01
5.461833121431498572e-01
1.555797030453760055e+00
1.225032948450309744e+00
1.393912333741268217e+00
1.633541146580006043e+00
1.479531147677950464e+00
1.172353172997382620e+00
1.295045849701509599e+00
1.162679636395022476e+00
1.980410124951671458e+00
1.325569933843393944e+00
1.225649300989058554e+00
1.073891982644105125e+00
1.444759554211116459e+00
1.476204487642830632e+00
7.998547129637957331e-01
1.169570887341583321e+00
1.061621722626208575e+00
1.231752926891720223e+00
1.115197757566659842e+00
1.324584798013072939e+00
1.416924166364055937e+00
1.063998713386685280e+00
1.507104541611323123e+00
6.811590492619215009e-01
1.044748065742570731e+00
9.778315920845738196e-01
2.119422371034016539e+00
7.423442867608913698e-01
1.348342215352158036e+00
1.756721046747819148e+00
1.197507187774513149e+00
7.735786661562162880e-01
1.422739471241648790e+00
1.410117321050166961e+00
1.307697721454354367e+00
1.168314914654351888e+00
1.027151198970131185e+00
1.163878096053270639e+00
1.423704295262648190e+00
1.793277879856894685e+00
1.576191572262707341e+00
1.461578859701978761e+00
9.138001872302391471e-01
1.418427306567138668e+00
1.818726758285906575e+00
1.492994712077713393e+00
8.448917858932324387e-01
1.812609868253052481e+00
1.187340421438265015e+00
1.169274483621202121e+00
-1.667420904923365255e+00
-1.831466086049993169e+00
1.210649102837913160e+00
1.479345329076435123e+00
4.466913149636905778e-01
1.409637835609216516e+00
1.650567386220775035e+00
7.469862482921866276e-01
1.483911478555437480e+00
1.609085206931593071e+00
9.828343472886035270e-01
9.570997185262005713e-01
-1.271452538724105130e+00
1.539033638961882611e+00
1.956217700340838528e+00
1.058302550693581479e+00
7.695412782342250235e-01
1.892932029741022593e+00
4.679868153998001823e+00
1.010746271585205802e+00
-1.275367517548447571e+00
1.160463916611689239e+00
-1.614541436638090355e+00
6.365021526405985064e-01
1.329496528227058993e+00
8.522502814890060563e-01
1.371114532850964629e+00
1.038956306546970687e+00
1.888883676351532204e+00
8.702257425354106291e-01
1.246443588942595104e+00
2.262198608281973389e+00
-1.350561279662805925e+00
8.345387549878007238e-01
1.193991544343696809e+00
-1.198776735008937999e+00
1.544977154283837084e+00
1.000560127485667694e+00
-1.167481598582951641e+00
7.243503106623239152e-01
6.256937391682217964e-01
6.296952296933536752e-01
1.194277409623226927e+00
1.266082648919145459e+00
8.043227103267711620e-01
7.513901684549503246e-01
